width: 1024
height: 1024
fx: 633.446
fy: 633.775
cx: 503.83
cy: 492.238
