width: 640
height: 512

fx: 395.904
fy: 316.887
cx: 314.894
cy: 246.119
